
Time: 1/124:   1.000E-07
BiCGStabl robust:      173 0.1341+155       0 0.4194E-03 0.4179E-03

MAIN: Time: 2/124:   2.000E-07
     500 0.4618E-07 0.4610E-07
    1000 0.1035E+01 0.1033E+01
    1500 0.6930E-03 0.6918E-03
BiCGStabl robust:     1987 0.1027E-07     486 0.3474E-04 0.3468E-04

MAIN: Time: 3/124:   3.000E-07
     500 0.8799E-07 0.8773E-07
    1000 0.9525E-08 0.9497E-08
    1500 0.6341E-08 0.6323E-08
BiCGStabl robust:     1868 0.3132E-09     367 0.5508E-05 0.5492E-05

MAIN: Time: 4/124:   4.000E-07
BiCGStabl robust:      218 0.1341+155       0 0.9670E-10 0.9644E-10

MAIN: Time: 5/124:   5.000E-07
BiCGStabl robust:      220 0.1341+155       0 0.9720E-10 0.9694E-10

Time: 6/124:   6.000E-07
BiCGStabl robust:      167 0.1341+155       0 0.9935E-10 0.9909E-10

MAIN: Time: 7/124:   7.000E-07
BiCGStabl robust:      155 0.1341+155       0 0.9371E-10 0.9346E-10

MAIN: Time: 8/124:   8.000E-07
BiCGStabl robust:      138 0.1341+155       0 0.9250E-10 0.9226E-10

Time: 9/124:   9.000E-07
BiCGStabl robust:      149 0.1341+155       0 0.9512E-10 0.9487E-10

MAIN: Time: 10/124:   1.000E-06
BiCGStabl robust:      139 0.1341+155       0 0.8623E-10 0.8600E-10

MAIN: Time: 11/124:   2.000E-06
BiCGStabl robust:      317 0.6786E-10     317 0.6804E-10 0.6786E-10

MAIN: Time: 12/124:   3.000E-06
BiCGStabl robust:      332 0.1384E-09     331 0.8047E-10 0.8025E-10

Time: 13/124:   4.000E-06
BiCGStabl robust:      420 0.6773E-10     420 0.6791E-10 0.6773E-10

MAIN: Time: 14/124:   5.000E-06
BiCGStabl robust:      347 0.1153E-09     346 0.9524E-10 0.9498E-10

MAIN: Time: 15/124:   6.000E-06
BiCGStabl robust:      327 0.1173E-09     326 0.9741E-10 0.9714E-10

MAIN: Time: 16/124:   7.000E-06
BiCGStabl robust:      369 0.1215E-09     361 0.9664E-10 0.9638E-10

MAIN: Time: 17/124:   8.000E-06
BiCGStabl robust:      314 0.9306E-10     314 0.9332E-10 0.9306E-10

Time: 18/124:   9.000E-06
BiCGStabl robust:      324 0.7787E-10     324 0.7809E-10 0.7787E-10

MAIN: Time: 19/124:   1.000E-05
BiCGStabl robust:      280 0.1341+155       0 0.9541E-10 0.9514E-10

MAIN: Time: 20/124:   4.000E-05
     500 0.2342E-06 0.2335E-06
    1000 0.6586E-08 0.6567E-08
    1500 0.5281E-09 0.5266E-09
    2000 0.1375E-08 0.1371E-08
BiCGStabl robust:     3000 0.4521E-09    1850 0.1973E-07 0.1967E-07

MAIN: Time: 21/124:   7.000E-05
     500 0.4198E-07 0.4185E-07
    1000 0.9277E-09 0.9250E-09
    1500 0.1002E-08 0.9992E-09
    2000 0.5541E-08 0.5524E-08
BiCGStabl robust:     2467 0.6943E-09     966 0.1316E-07 0.1312E-07

MAIN: Time: 22/124:   1.000E-04
     500 0.3109E-07 0.3099E-07
    1000 0.3257E-08 0.3247E-08
    1500 0.5451E-09 0.5434E-09
    2000 0.5734E-09 0.5717E-09
BiCGStabl robust:     3000 0.5742E-09    2709 0.1080E-05 0.1076E-05

MAIN: Time: 23/124:   4.000E-04
     500 0.3536E-06 0.3525E-06
    1000 0.1857E-07 0.1852E-07
    1500 0.1317E-07 0.1313E-07
    2000 0.3283E-08 0.3273E-08
BiCGStabl robust:     3000 0.3342E-08    3000 0.3352E-08 0.3342E-08

MAIN: Time: 24/124:   7.000E-04
     500 0.9777E-07 0.9745E-07
    1000 0.2583E-07 0.2575E-07
    1500 0.5913E-07 0.5894E-07
    2000 0.2640E-08 0.2631E-08
BiCGStabl robust:     3000 0.2603E-08    3000 0.2612E-08 0.2603E-08

MAIN: Time: 25/124:   1.000E-03
     500 0.9426E-07 0.9394E-07
    1000 0.1172E-07 0.1168E-07
    1500 0.2018E-07 0.2011E-07
    2000 0.2416E-08 0.2407E-08
BiCGStabl robust:     3000 0.2174E-08    2984 0.2704E-08 0.2695E-08

MAIN: Time: 26/124:   2.000E-03
     500 0.4857E-06 0.4839E-06
    1000 0.5761E-07 0.5740E-07
    1500 0.4311E-06 0.4295E-06
    2000 0.4475E-06 0.4459E-06
BiCGStabl robust:     3000 0.5905E-08    3000 0.5927E-08 0.5905E-08

MAIN: Time: 27/124:   3.000E-03
     500 0.4196E-06 0.4181E-06
    1000 0.1420E-07 0.1415E-07
    1500 0.8880E-08 0.8847E-08
    2000 0.6666E-08 0.6641E-08
BiCGStabl robust:     3000 0.6871E-08    3000 0.6896E-08 0.6871E-08

MAIN: Time: 28/124:   4.000E-03
     500 0.2358E-06 0.2349E-06
    1000 0.1510E-07 0.1505E-07
    1500 0.8502E-08 0.8472E-08
    2000 0.7767E-08 0.7739E-08
BiCGStabl robust:     3000 0.6764E-08    3000 0.6788E-08 0.6764E-08

MAIN: Time: 29/124:   5.000E-03
     500 0.3171E-06 0.3160E-06
    1000 0.4436E-07 0.4421E-07
    1500 0.7204E-08 0.7180E-08
    2000 0.1185E-07 0.1181E-07
BiCGStabl robust:     3000 0.6907E-08    3000 0.6930E-08 0.6907E-08

MAIN: Time: 30/124:   6.000E-03
     500 0.1553E-06 0.1549E-06
    1000 0.2992E-07 0.2983E-07
    1500 0.8590E-08 0.8564E-08
    2000 0.6992E-08 0.6970E-08
BiCGStabl robust:     3000 0.6416E-08    3000 0.6436E-08 0.6416E-08

MAIN: Time: 31/124:   7.000E-03
     500 0.1410E-06 0.1406E-06
    1000 0.1152E-07 0.1149E-07
    1500 0.1148E-07 0.1144E-07
    2000 0.6633E-08 0.6614E-08
BiCGStabl robust:     3000 0.6890E-08    3000 0.6910E-08 0.6890E-08

MAIN: Time: 32/124:   8.000E-03
     500 0.2467E-06 0.2460E-06
    1000 0.3566E-07 0.3556E-07
    1500 0.3331E-07 0.3323E-07
    2000 0.6211E-08 0.6194E-08
BiCGStabl robust:     3000 0.6634E-08    3000 0.6651E-08 0.6634E-08

Time: 33/124:   9.000E-03
     500 0.1004E-06 0.1002E-06
    1000 0.1958E-07 0.1953E-07
    1500 0.3705E-07 0.3696E-07
    2000 0.6634E-08 0.6618E-08
BiCGStabl robust:     3000 0.7281E-08    3000 0.7299E-08 0.7281E-08

MAIN: Time: 34/124:   1.000E-02
     500 0.1088E-06 0.1085E-06
    1000 0.1162E-07 0.1159E-07
    1500 0.1805E-07 0.1801E-07
    2000 0.6784E-08 0.6768E-08
BiCGStabl robust:     3000 0.6652E-08    3000 0.6667E-08 0.6652E-08

MAIN: Time: 35/124:   1.100E-02
     500 0.7277E-07 0.7261E-07
    1000 0.1165E-07 0.1163E-07
    1500 0.8964E-08 0.8945E-08
    2000 0.8964E-08 0.8945E-08
BiCGStabl robust:     3000 0.6702E-08    2999 0.1767E-07 0.1764E-07

MAIN: Time: 36/124:   1.200E-02
     500 0.6721E-07 0.6708E-07
    1000 0.1127E-07 0.1125E-07
    1500 0.6642E-08 0.6629E-08
    2000 0.6523E-08 0.6510E-08
BiCGStabl robust:     3000 0.6578E-08    3000 0.6591E-08 0.6578E-08

Time: 37/124:   1.300E-02
     500 0.6189E-07 0.6177E-07
    1000 0.1005E-07 0.1003E-07
    1500 0.7471E-08 0.7457E-08
    2000 0.6196E-08 0.6185E-08
BiCGStabl robust:     3000 0.6224E-08    3000 0.6235E-08 0.6224E-08

MAIN: Time: 38/124:   1.400E-02
     500 0.7447E-07 0.7434E-07
    1000 0.1203E-07 0.1201E-07
    1500 0.6862E-08 0.6850E-08
    2000 0.6493E-08 0.6482E-08
BiCGStabl robust:     3000 0.5794E-08    3000 0.5804E-08 0.5794E-08

MAIN: Time: 39/124:   1.500E-02
     500 0.6545E-07 0.6534E-07
    1000 0.1536E-07 0.1534E-07
    1500 0.6433E-08 0.6422E-08
    2000 0.6121E-08 0.6111E-08
BiCGStabl robust:     3000 0.5910E-08    3000 0.5920E-08 0.5910E-08

MAIN: Time: 40/124:   1.600E-02
     500 0.4108E-07 0.4101E-07
    1000 0.3297E-07 0.3292E-07
    1500 0.6863E-08 0.6852E-08
    2000 0.6637E-08 0.6627E-08
BiCGStabl robust:     3000 0.6381E-08    3000 0.6391E-08 0.6381E-08

Time: 41/124:   1.700E-02
     500 0.3054E-07 0.3050E-07
    1000 0.9125E-08 0.9111E-08
    1500 0.6642E-08 0.6633E-08
    2000 0.6445E-08 0.6436E-08
BiCGStabl robust:     3000 0.6452E-08    3000 0.6461E-08 0.6452E-08

MAIN: Time: 42/124:   1.800E-02
     500 0.2717E-07 0.2713E-07
    1000 0.2750E-07 0.2747E-07
    1500 0.6140E-08 0.6132E-08
    2000 0.6149E-08 0.6141E-08
BiCGStabl robust:     3000 0.5687E-08    2997 0.6428E-08 0.6419E-08

MAIN: Time: 43/124:   1.900E-02
     500 0.9871E-07 0.9858E-07
    1000 0.1230E-07 0.1229E-07
    1500 0.5966E-08 0.5958E-08
    2000 0.6478E-08 0.6469E-08
BiCGStabl robust:     3000 0.6227E-08    3000 0.6236E-08 0.6227E-08

Time: 44/124:   2.000E-02
     500 0.4157E-07 0.4152E-07
    1000 0.6698E-08 0.6690E-08
    1500 0.6324E-08 0.6316E-08
    2000 0.6612E-08 0.6604E-08
BiCGStabl robust:     3000 0.6283E-08    3000 0.6291E-08 0.6283E-08

MAIN: Time: 45/124:   2.100E-02
     500 0.2547E-07 0.2544E-07
    1000 0.6665E-08 0.6657E-08
    1500 0.6532E-08 0.6524E-08
    2000 0.6506E-08 0.6498E-08
BiCGStabl robust:     3000 0.6206E-08    3000 0.6214E-08 0.6206E-08

Time: 46/124:   2.200E-02
     500 0.3451E-07 0.3447E-07
    1000 0.6676E-08 0.6668E-08
    1500 0.6038E-08 0.6031E-08
    2000 0.6360E-08 0.6352E-08
BiCGStabl robust:     3000 0.6302E-08    3000 0.6310E-08 0.6302E-08

MAIN: Time: 47/124:   2.300E-02
     500 0.5571E-07 0.5565E-07
    1000 0.5917E-08 0.5911E-08
    1500 0.6562E-08 0.6555E-08
    2000 0.5942E-08 0.5936E-08
BiCGStabl robust:     3000 0.5897E-08    2997 0.1650E-07 0.1648E-07

MAIN: Time: 48/124:   2.400E-02
     500 0.2120E-07 0.2117E-07
    1000 0.6667E-08 0.6660E-08
    1500 0.6557E-08 0.6550E-08
    2000 0.6552E-08 0.6546E-08
BiCGStabl robust:     3000 0.5985E-08    2999 0.6610E-08 0.6603E-08

Time: 49/124:   2.500E-02
     500 0.1410E-07 0.1409E-07
    1000 0.6327E-08 0.6321E-08
    1500 0.6549E-08 0.6542E-08
    2000 0.6525E-08 0.6519E-08
BiCGStabl robust:     3000 0.6227E-08    3000 0.6233E-08 0.6227E-08

MAIN: Time: 50/124:   2.600E-02
     500 0.1083E-07 0.1082E-07
    1000 0.6544E-08 0.6537E-08
    1500 0.6493E-08 0.6487E-08
    2000 0.6766E-08 0.6759E-08
BiCGStabl robust:     3000 0.6581E-08    3000 0.6588E-08 0.6581E-08

MAIN: Time: 51/124:   2.700E-02
     500 0.3731E-07 0.3728E-07
    1000 0.6417E-08 0.6411E-08
    1500 0.6042E-08 0.6036E-08
    2000 0.6246E-08 0.6240E-08
BiCGStabl robust:     3000 0.5822E-08    2998 0.6562E-08 0.6556E-08

MAIN: Time: 52/124:   2.800E-02
     500 0.8536E-08 0.8528E-08
    1000 0.6618E-08 0.6612E-08
    1500 0.6465E-08 0.6459E-08
    2000 0.6155E-08 0.6149E-08
BiCGStabl robust:     3000 0.5602E-08    2999 0.6643E-08 0.6637E-08

MAIN: Time: 53/124:   2.900E-02
     500 0.6979E-08 0.6973E-08
    1000 0.6537E-08 0.6531E-08
    1500 0.6627E-08 0.6621E-08
    2000 0.6035E-08 0.6029E-08
BiCGStabl robust:     3000 0.5798E-08    2999 0.6499E-08 0.6493E-08

MAIN: Time: 54/124:   3.000E-02
     500 0.7709E-08 0.7702E-08
    1000 0.6518E-08 0.6512E-08
    1500 0.6628E-08 0.6622E-08
    2000 0.6417E-08 0.6411E-08
BiCGStabl robust:     3000 0.5731E-08    3000 0.5735E-08 0.5731E-08

MAIN: Time: 55/124:   3.100E-02
     500 0.7086E-08 0.7081E-08
    1000 0.6427E-08 0.6422E-08
    1500 0.6025E-08 0.6020E-08
    2000 0.6596E-08 0.6591E-08
BiCGStabl robust:     3000 0.6048E-08    3000 0.6053E-08 0.6048E-08

Time: 56/124:   3.200E-02
     500 0.7244E-08 0.7238E-08
    1000 0.6533E-08 0.6528E-08
    1500 0.6295E-08 0.6290E-08
    2000 0.6410E-08 0.6405E-08
BiCGStabl robust:     3000 0.6421E-08    3000 0.6426E-08 0.6421E-08

MAIN: Time: 57/124:   3.300E-02
     500 0.6881E-08 0.6876E-08
    1000 0.6454E-08 0.6449E-08
    1500 0.6606E-08 0.6601E-08
    2000 0.6617E-08 0.6612E-08
BiCGStabl robust:     3000 0.6280E-08    3000 0.6284E-08 0.6280E-08

MAIN: Time: 58/124:   3.400E-02
     500 0.7092E-08 0.7087E-08
    1000 0.9217E-08 0.9210E-08
    1500 0.6535E-08 0.6530E-08
    2000 0.6577E-08 0.6572E-08
BiCGStabl robust:     3000 0.6409E-08    3000 0.6414E-08 0.6409E-08

MAIN: Time: 59/124:   3.500E-02
     500 0.6765E-08 0.6760E-08
    1000 0.6584E-08 0.6579E-08
    1500 0.1177E-07 0.1177E-07
    2000 0.6783E-08 0.6778E-08
BiCGStabl robust:     3000 0.6466E-08    3000 0.6470E-08 0.6466E-08

Time: 60/124:   3.600E-02
     500 0.6618E-08 0.6613E-08
    1000 0.6589E-08 0.6584E-08
    1500 0.6106E-08 0.6101E-08
    2000 0.5962E-08 0.5958E-08
BiCGStabl robust:     3000 0.5688E-08    2999 0.6542E-08 0.6537E-08

MAIN: Time: 61/124:   3.700E-02
     500 0.7569E-08 0.7564E-08
    1000 0.6613E-08 0.6609E-08
    1500 0.6543E-08 0.6538E-08
    2000 0.6185E-08 0.6181E-08
BiCGStabl robust:     3000 0.5578E-08    3000 0.5581E-08 0.5578E-08

MAIN: Time: 62/124:   3.800E-02
     500 0.6778E-08 0.6774E-08
    1000 0.6457E-08 0.6453E-08
    1500 0.6608E-08 0.6604E-08
    2000 0.6019E-08 0.6015E-08
BiCGStabl robust:     3000 0.6621E-08    3000 0.6625E-08 0.6621E-08

MAIN: Time: 63/124:   3.900E-02
     500 0.6150E-08 0.6146E-08
    1000 0.6517E-08 0.6513E-08
    1500 0.6544E-08 0.6540E-08
    2000 0.6040E-08 0.6036E-08
BiCGStabl robust:     3000 0.6603E-08    3000 0.6607E-08 0.6603E-08

MAIN: Time: 64/124:   4.000E-02
     500 0.6580E-08 0.6576E-08
    1000 0.6627E-08 0.6623E-08
    1500 0.6405E-08 0.6402E-08
    2000 0.6365E-08 0.6361E-08
BiCGStabl robust:     3000 0.6379E-08    3000 0.6383E-08 0.6379E-08

MAIN: Time: 65/124:   4.100E-02
     500 0.6548E-08 0.6544E-08
    1000 0.6561E-08 0.6557E-08
    1500 0.6159E-08 0.6156E-08
    2000 0.6238E-08 0.6234E-08
BiCGStabl robust:     3000 0.6614E-08    3000 0.6618E-08 0.6614E-08

MAIN: Time: 66/124:   4.200E-02
     500 0.6465E-08 0.6461E-08
    1000 0.6601E-08 0.6597E-08
    1500 0.6592E-08 0.6589E-08
    2000 0.6232E-08 0.6228E-08
BiCGStabl robust:     3000 0.6185E-08    3000 0.6188E-08 0.6185E-08

MAIN: Time: 67/124:   4.300E-02
     500 0.6325E-08 0.6322E-08
    1000 0.6308E-08 0.6304E-08
    1500 0.6550E-08 0.6546E-08
    2000 0.6187E-08 0.6184E-08
BiCGStabl robust:     3000 0.6383E-08    2999 0.9677E-08 0.9672E-08

MAIN: Time: 68/124:   4.400E-02
     500 0.6647E-08 0.6643E-08
    1000 0.6619E-08 0.6616E-08
    1500 0.5549E-08 0.5546E-08
    2000 0.6023E-08 0.6020E-08
BiCGStabl robust:     3000 0.5572E-08    2999 0.6627E-08 0.6623E-08

MAIN: Time: 69/124:   4.500E-02
     500 0.6580E-08 0.6577E-08
    1000 0.6566E-08 0.6563E-08
    1500 0.6355E-08 0.6352E-08
    2000 0.6224E-08 0.6221E-08
BiCGStabl robust:     3000 0.5990E-08    3000 0.5993E-08 0.5990E-08

MAIN: Time: 70/124:   4.600E-02
     500 0.5867E-08 0.5864E-08
    1000 0.6307E-08 0.6304E-08
    1500 0.6600E-08 0.6597E-08
    2000 0.6623E-08 0.6620E-08
BiCGStabl robust:     3000 0.6266E-08    3000 0.6269E-08 0.6266E-08

MAIN: Time: 71/124:   4.700E-02
     500 0.6291E-08 0.6288E-08
    1000 0.6358E-08 0.6356E-08
    1500 0.6423E-08 0.6420E-08
    2000 0.6121E-08 0.6118E-08
BiCGStabl robust:     3000 0.6237E-08    3000 0.6240E-08 0.6237E-08

MAIN: Time: 72/124:   4.800E-02
     500 0.6556E-08 0.6553E-08
    1000 0.6447E-08 0.6444E-08
    1500 0.6508E-08 0.6505E-08
    2000 0.6547E-08 0.6544E-08
BiCGStabl robust:     3000 0.6594E-08    3000 0.6597E-08 0.6594E-08

MAIN: Time: 73/124:   4.900E-02
     500 0.6625E-08 0.6622E-08
    1000 0.6503E-08 0.6501E-08
    1500 0.6552E-08 0.6549E-08
    2000 0.6026E-08 0.6024E-08
BiCGStabl robust:     3000 0.6580E-08    3000 0.6583E-08 0.6580E-08

MAIN: Time: 74/124:   5.000E-02
     500 0.6196E-08 0.6193E-08
    1000 0.6500E-08 0.6498E-08
    1500 0.6429E-08 0.6426E-08
    2000 0.6490E-08 0.6488E-08
BiCGStabl robust:     3000 0.6527E-08    3000 0.6530E-08 0.6527E-08

Time: 75/124:   5.100E-02
     500 0.6613E-08 0.6610E-08
    1000 0.6274E-08 0.6272E-08
    1500 0.5962E-08 0.5960E-08
    2000 0.6604E-08 0.6601E-08
BiCGStabl robust:     3000 0.5737E-08    2998 0.6530E-08 0.6527E-08

MAIN: Time: 76/124:   5.200E-02
     500 0.6273E-08 0.6271E-08
    1000 0.6372E-08 0.6369E-08
    1500 0.6609E-08 0.6606E-08
    2000 0.5714E-08 0.5712E-08
BiCGStabl robust:     3000 0.5703E-08    2998 0.6389E-08 0.6386E-08

MAIN: Time: 77/124:   5.300E-02
     500 0.6389E-08 0.6386E-08
    1000 0.5615E-08 0.5613E-08
    1500 0.6413E-08 0.6411E-08
    2000 0.6589E-08 0.6586E-08
BiCGStabl robust:     3000 0.6585E-08    3000 0.6587E-08 0.6585E-08

MAIN: Time: 78/124:   5.400E-02
     500 0.6630E-08 0.6627E-08
    1000 0.6180E-08 0.6178E-08
    1500 0.6450E-08 0.6447E-08
    2000 0.5989E-08 0.5987E-08
BiCGStabl robust:     3000 0.6556E-08    3000 0.6559E-08 0.6556E-08

MAIN: Time: 79/124:   5.500E-02
     500 0.6405E-08 0.6402E-08
    1000 0.6584E-08 0.6582E-08
    1500 0.6235E-08 0.6232E-08
    2000 0.5908E-08 0.5906E-08
BiCGStabl robust:     3000 0.6610E-08    3000 0.6612E-08 0.6610E-08

Time: 80/124:   5.600E-02
     500 0.9893E-08 0.9890E-08
    1000 0.5775E-08 0.5773E-08
    1500 0.6627E-08 0.6625E-08
    2000 0.6587E-08 0.6585E-08
BiCGStabl robust:     3000 0.5698E-08    2999 0.6586E-08 0.6583E-08

MAIN: Time: 81/124:   5.700E-02
     500 0.6078E-08 0.6076E-08
    1000 0.6581E-08 0.6579E-08
    1500 0.6528E-08 0.6526E-08
    2000 0.6533E-08 0.6531E-08
BiCGStabl robust:     3000 0.6274E-08    3000 0.6276E-08 0.6274E-08

MAIN: Time: 82/124:   5.800E-02
     500 0.6537E-08 0.6535E-08
    1000 0.6494E-08 0.6492E-08
    1500 0.6498E-08 0.6496E-08
    2000 0.6180E-08 0.6178E-08
BiCGStabl robust:     3000 0.5961E-08    2999 0.6591E-08 0.6589E-08

MAIN: Time: 83/124:   5.900E-02
     500 0.5765E-08 0.5763E-08
    1000 0.6437E-08 0.6435E-08
    1500 0.6437E-08 0.6435E-08
    2000 0.6271E-08 0.6269E-08
BiCGStabl robust:     3000 0.5938E-08    2999 0.6624E-08 0.6622E-08

MAIN: Time: 84/124:   6.000E-02
     500 0.6570E-08 0.6569E-08
    1000 0.6442E-08 0.6440E-08
    1500 0.6225E-08 0.6223E-08
    2000 0.6368E-08 0.6366E-08
BiCGStabl robust:     3000 0.5638E-08    2985 0.6246E-08 0.6244E-08

MAIN: Time: 85/124:   6.100E-02
     500 0.6197E-08 0.6195E-08
    1000 0.6501E-08 0.6500E-08
    1500 0.6139E-08 0.6137E-08
    2000 0.6285E-08 0.6284E-08
BiCGStabl robust:     3000 0.6627E-08    3000 0.6629E-08 0.6627E-08

MAIN: Time: 86/124:   6.200E-02
     500 0.6340E-08 0.6338E-08
    1000 0.6226E-08 0.6225E-08
    1500 0.6010E-08 0.6009E-08
    2000 0.5921E-08 0.5920E-08
BiCGStabl robust:     3000 0.6569E-08    3000 0.6571E-08 0.6569E-08

MAIN: Time: 87/124:   6.300E-02
     500 0.6125E-08 0.6123E-08
    1000 0.6312E-08 0.6310E-08
    1500 0.6601E-08 0.6599E-08
    2000 0.6622E-08 0.6620E-08
BiCGStabl robust:     3000 0.6015E-08    3000 0.6017E-08 0.6015E-08

Time: 88/124:   6.400E-02
     500 0.6591E-08 0.6589E-08
    1000 0.6161E-08 0.6159E-08
    1500 0.6182E-08 0.6181E-08
    2000 0.1508E-07 0.1508E-07
BiCGStabl robust:     3000 0.6591E-08    3000 0.6592E-08 0.6591E-08

MAIN: Time: 89/124:   6.500E-02
     500 0.6578E-08 0.6577E-08
    1000 0.6358E-08 0.6356E-08
    1500 0.6841E-08 0.6839E-08
    2000 0.6468E-08 0.6466E-08
BiCGStabl robust:     3000 0.6594E-08    3000 0.6596E-08 0.6594E-08

MAIN: Time: 90/124:   6.600E-02
     500 0.6468E-08 0.6466E-08
    1000 0.6341E-08 0.6339E-08
    1500 0.6388E-08 0.6387E-08
    2000 0.6143E-08 0.6141E-08
BiCGStabl robust:     3000 0.5944E-08    2999 0.6551E-08 0.6549E-08

MAIN: Time: 91/124:   6.700E-02
     500 0.6610E-08 0.6609E-08
    1000 0.6562E-08 0.6560E-08
    1500 0.5564E-08 0.5563E-08
    2000 0.6455E-08 0.6454E-08
BiCGStabl robust:     3000 0.6533E-08    3000 0.6534E-08 0.6533E-08

MAIN: Time: 92/124:   6.800E-02
     500 0.6630E-08 0.6629E-08
    1000 0.6216E-08 0.6215E-08
    1500 0.5714E-08 0.5713E-08
    2000 0.6603E-08 0.6601E-08
BiCGStabl robust:     3000 0.5532E-08    2990 0.8808E-08 0.8806E-08

MAIN: Time: 93/124:   6.900E-02
     500 0.6533E-08 0.6532E-08
    1000 0.6399E-08 0.6398E-08
    1500 0.5925E-08 0.5924E-08
    2000 0.6441E-08 0.6440E-08
BiCGStabl robust:     3000 0.5979E-08    3000 0.5981E-08 0.5979E-08

Time: 94/124:   7.000E-02
     500 0.6485E-08 0.6484E-08
    1000 0.6025E-08 0.6024E-08
    1500 0.6622E-08 0.6621E-08
    2000 0.6461E-08 0.6460E-08
BiCGStabl robust:     3000 0.6189E-08    3000 0.6190E-08 0.6189E-08

MAIN: Time: 95/124:   7.100E-02
     500 0.6628E-08 0.6627E-08
    1000 0.6286E-08 0.6285E-08
    1500 0.5675E-08 0.5674E-08
    2000 0.6465E-08 0.6464E-08
BiCGStabl robust:     3000 0.6357E-08    3000 0.6358E-08 0.6357E-08

MAIN: Time: 96/124:   7.200E-02
     500 0.6531E-08 0.6529E-08
    1000 0.6099E-08 0.6098E-08
    1500 0.6501E-08 0.6500E-08
    2000 0.6492E-08 0.6491E-08
BiCGStabl robust:     3000 0.5723E-08    2999 0.6586E-08 0.6584E-08

MAIN: Time: 97/124:   7.300E-02
     500 0.6346E-08 0.6345E-08
    1000 0.6353E-08 0.6352E-08
    1500 0.6021E-08 0.6020E-08
    2000 0.6609E-08 0.6607E-08
BiCGStabl robust:     3000 0.6439E-08    3000 0.6440E-08 0.6439E-08

MAIN: Time: 98/124:   7.400E-02
     500 0.6387E-08 0.6386E-08
    1000 0.6594E-08 0.6593E-08
    1500 0.6541E-08 0.6540E-08
    2000 0.6564E-08 0.6563E-08
BiCGStabl robust:     3000 0.6492E-08    3000 0.6493E-08 0.6492E-08

MAIN: Time: 99/124:   7.500E-02
     500 0.6596E-08 0.6595E-08
    1000 0.6588E-08 0.6587E-08
    1500 0.6068E-08 0.6067E-08
    2000 0.6593E-08 0.6592E-08
BiCGStabl robust:     3000 0.5849E-08    3000 0.5849E-08 0.5849E-08

MAIN: Time: 100/124:   7.600E-02
     500 0.6271E-08 0.6270E-08
    1000 0.5948E-08 0.5947E-08
    1500 0.6397E-08 0.6396E-08
    2000 0.6589E-08 0.6588E-08
BiCGStabl robust:     3000 0.6568E-08    3000 0.6569E-08 0.6568E-08

MAIN: Time: 101/124:   7.700E-02
     500 0.6087E-08 0.6086E-08
    1000 0.6349E-08 0.6348E-08
    1500 0.6312E-08 0.6311E-08
    2000 0.6456E-08 0.6455E-08
BiCGStabl robust:     3000 0.6169E-08    3000 0.6170E-08 0.6169E-08

MAIN: Time: 102/124:   7.800E-02
     500 0.6613E-08 0.6613E-08
    1000 0.6198E-08 0.6198E-08
    1500 0.6477E-08 0.6476E-08
    2000 0.6081E-08 0.6080E-08
BiCGStabl robust:     3000 0.6624E-08    3000 0.6625E-08 0.6624E-08

Time: 103/124:   7.900E-02
     500 0.3872E-07 0.3871E-07
    1000 0.6565E-08 0.6564E-08
    1500 0.6494E-08 0.6493E-08
    2000 0.6498E-08 0.6497E-08
BiCGStabl robust:     3000 0.6061E-08    3000 0.6062E-08 0.6061E-08

MAIN: Time: 104/124:   8.000E-02
     500 0.6334E-08 0.6333E-08
    1000 0.5961E-08 0.5961E-08
    1500 0.6465E-08 0.6464E-08
    2000 0.6598E-08 0.6597E-08
BiCGStabl robust:     3000 0.6258E-08    3000 0.6258E-08 0.6258E-08

MAIN: Time: 105/124:   8.100E-02
     500 0.6492E-08 0.6491E-08
    1000 0.6809E-08 0.6808E-08
    1500 0.6540E-08 0.6539E-08
    2000 0.6594E-08 0.6594E-08
BiCGStabl robust:     3000 0.6039E-08    3000 0.6040E-08 0.6039E-08

MAIN: Time: 106/124:   8.200E-02
     500 0.6415E-08 0.6415E-08
    1000 0.6055E-08 0.6054E-08
    1500 0.5890E-08 0.5889E-08
