
MAIN: Time: 1/124:   1.000E-07
BiCGStabl robust:      150 0.1341+155       0 0.4534E-03 0.4519E-03

MAIN: Time: 2/124:   2.000E-07
     500 0.2361E-09
     500 0.1088E-07 0.1086E-07
    1000 0.1090E-05 0.1088E-05
    1500 0.7684E-06 0.7670E-06
    2000 0.1725E-02 0.1722E-02
BiCGStabl robust:     2969 0.1038E-07    1468 0.1920E-03 0.1916E-03

MAIN: Time: 3/124:   3.000E-07
     500 0.9788E-08 0.9745E-08
    1000 0.1645E-05 0.1638E-05
    1500 0.1647E-05 0.1640E-05
BiCGStabl robust:     1831 0.2136E-09     330 0.1650E-05 0.1642E-05

MAIN: Time: 4/124:   4.000E-07
     500 0.1417E-09
BiCGStabl robust:      242 0.1341+155       0 0.9932E-10 0.9892E-10

MAIN: Time: 5/124:   5.000E-07
     500 0.1292E-09
BiCGStabl robust:      202 0.1341+155       0 0.9851E-10 0.9812E-10

MAIN: Time: 6/124:   6.000E-07
     500 0.6027E-08
BiCGStabl robust:      218 0.1341+155       0 0.9629E-10 0.9591E-10

MAIN: Time: 7/124:   7.000E-07
     500 0.2417E-09
BiCGStabl robust:      209 0.1341+155       0 0.2615E-10 0.2605E-10

MAIN: Time: 8/124:   8.000E-07
     500 0.1643E-09
BiCGStabl robust:      193 0.1341+155       0 0.4576E-10 0.4558E-10

MAIN: Time: 9/124:   9.000E-07
     500 0.1587E-09
BiCGStabl robust:      169 0.1341+155       0 0.9108E-10 0.9072E-10

MAIN: Time: 10/124:   1.000E-06
     500 0.7778E-09
BiCGStabl robust:      189 0.1341+155       0 0.9876E-10 0.9838E-10

MAIN: Time: 11/124:   2.000E-06
     500 0.3865E-09
BiCGStabl robust:      369 0.1441E-09     368 0.5891E-10 0.5868E-10

MAIN: Time: 12/124:   3.000E-06
     500 0.2342E-07
BiCGStabl robust:      437 0.1275E-09     435 0.9274E-10 0.9238E-10

MAIN: Time: 13/124:   4.000E-06
     500 0.2238E-09
BiCGStabl robust:      402 0.9994E-10     402 0.1003E-09 0.9994E-10

MAIN: Time: 14/124:   5.000E-06
     500 0.6246E-09
     500 0.1452E-09 0.1446E-09
    1000 0.3893E-08 0.3877E-08
    1500 0.6542E-07 0.6516E-07
    2000 0.8933E-04 0.8897E-04
BiCGStabl robust:     2035 0.1206E-09     534 0.6548E-04 0.6522E-04

MAIN: Time: 15/124:   6.000E-06
     500 0.6837E-09
     500 0.3315E-09 0.3301E-09
    1000 0.3501E-07 0.3487E-07
    1500 0.8149E-07 0.8116E-07
    2000 0.5087E-04 0.5066E-04
BiCGStabl robust:     2119 0.1781E-09     618 0.1602E-03 0.1596E-03

MAIN: Time: 16/124:   7.000E-06
     500 0.3462E-09
     500 0.2807E-08 0.2795E-08
BiCGStabl robust:      674 0.9786E-10     674 0.9826E-10 0.9786E-10

MAIN: Time: 17/124:   8.000E-06
     500 0.3031E-09
BiCGStabl robust:      423 0.7479E-10     423 0.7507E-10 0.7479E-10

MAIN: Time: 18/124:   9.000E-06
     500 0.6778E-09
BiCGStabl robust:      412 0.4876E-10     412 0.4895E-10 0.4876E-10

MAIN: Time: 19/124:   1.000E-05
     500 0.3392E-08
BiCGStabl robust:      438 0.8891E-10     438 0.8925E-10 0.8891E-10

MAIN: Time: 20/124:   4.000E-05
     500 0.2769E-09
     500 0.1002E-05 0.9977E-06
    1000 0.2718E-07 0.2708E-07
    1500 0.1873E-09 0.1866E-09
BiCGStabl robust:     1540 0.1652E-09    1534 0.8740E-10 0.8705E-10

MAIN: Time: 21/124:   7.000E-05
     500 0.4056E-09
     500 0.1087E-06 0.1082E-06
    1000 0.3818E-06 0.3802E-06
    1500 0.2558E-09 0.2548E-09
BiCGStabl robust:     1658 0.1461E-09    1656 0.9027E-10 0.8990E-10

MAIN: Time: 22/124:   1.000E-04
     500 0.2500E-09
     500 0.1787E-07 0.1779E-07
    1000 0.7105E-09 0.7075E-09
BiCGStabl robust:     1235 0.1519E-09    1234 0.3078E-10 0.3066E-10

MAIN: Time: 23/124:   4.000E-04
     500 0.1968E-09
     500 0.1479E-06 0.1474E-06
    1000 0.5062E-08 0.5042E-08
    1500 0.9289E-09 0.9252E-09
    2000 0.8273E-09 0.8241E-09
BiCGStabl robust:     2774 0.5687E-10    2774 0.5710E-10 0.5687E-10

MAIN: Time: 24/124:   7.000E-04
     500 0.2210E-09
     500 0.3494E-03 0.3482E-03
    1000 0.2623E-07 0.2613E-07
    1500 0.9209E-08 0.9175E-08
BiCGStabl robust:     1892 0.8068E-10    1892 0.8098E-10 0.8068E-10

MAIN: Time: 25/124:   1.000E-03
     500 0.9328E-08
     500 0.1237E-06 0.1232E-06
    1000 0.1325E-07 0.1320E-07
    1500 0.2982E-08 0.2971E-08
BiCGStabl robust:     1660 0.1230E-09    1659 0.7650E-10 0.7623E-10

MAIN: Time: 26/124:   2.000E-03
     500 0.5455E-09
     500 0.5875E-06 0.5855E-06
    1000 0.1762E-07 0.1756E-07
    1500 0.2223E-08 0.2215E-08
    2000 0.9547E-09 0.9514E-09
BiCGStabl robust:     2611 0.8021E-10    2611 0.8048E-10 0.8021E-10

MAIN: Time: 27/124:   3.000E-03
     500 0.2512E-09
     500 0.8230E-09
     500 0.5193E-06 0.5175E-06
    1000 0.9449E-08 0.9417E-08
    1500 0.9268E-09 0.9236E-09
    2000 0.5117E-09 0.5099E-09
BiCGStabl robust:     2226 0.6070E-10    2226 0.6091E-10 0.6070E-10

MAIN: Time: 28/124:   4.000E-03
     500 0.1899E-08
     500 0.2695E-06 0.2686E-06
    1000 0.4024E-08 0.4011E-08
    1500 0.1424E-09 0.1419E-09
BiCGStabl robust:     1575 0.1114E-09    1574 0.9107E-10 0.9075E-10

MAIN: Time: 29/124:   5.000E-03
     500 0.4124E-08
     500 0.1499E-06 0.1494E-06
    1000 0.3083E-08 0.3072E-08
    1500 0.2226E-09 0.2219E-09
BiCGStabl robust:     1577 0.1028E-09    1576 0.9700E-10 0.9667E-10

MAIN: Time: 30/124:   6.000E-03
     500 0.6233E-09
     500 0.1227E-06 0.1223E-06
    1000 0.2906E-08 0.2896E-08
    1500 0.2181E-09 0.2174E-09
BiCGStabl robust:     1970 0.7570E-10    1970 0.7596E-10 0.7570E-10

MAIN: Time: 31/124:   7.000E-03
     500 0.2474E-09
